1750416389407 0.0 0
1750416404738 0.0 1
1750416420136 0.00389 2
1750416435819 0.04836 3
1750416451366 0.09067 4
1750416466880 0.10778 5
1750416482411 0.12686 6
1750416497754 0.15492 7
1750416513207 0.16703 8
1750416528734 0.18548 9
1750416544171 0.21287 10
1750416559625 0.22939 11
1750416575219 0.23469 12
1750416590627 0.2457 13
1750416605875 0.25254 14
1750416621350 0.25365 15
1750416636909 0.27092 16
1750416652449 0.28302 17
1750416667839 0.26836 18
1750416683689 0.29598 19
1750416700077 0.30366 20
1750416715978 0.31944 21
1750416731305 0.32534 22
1750416746863 0.32472 23
1750416762315 0.33101 24
1750416777722 0.33782 25
1750416793038 0.33904 26
1750416808337 0.34129 27
1750416823836 0.33514 28
1750416839376 0.36057 29
1750416854769 0.36199 30
1750416870219 0.38454 31
1750416885476 0.37485 32
1750416900765 0.3649 33
1750416916089 0.37698 34
1750416931314 0.3813 35
1750416946434 0.40021 36
1750416961759 0.38926 37
1750416976988 0.3963 38
1750416992164 0.4024 39
1750417007608 0.40938 40
1750417023335 0.41258 41
1750417038935 0.41431 42
1750417054353 0.42482 43
1750417070103 0.42775 44
1750417085508 0.41804 45
1750417101260 0.4237 46
1750417116512 0.42761 47
1750417131918 0.41824 48
1750417146990 0.4189 49
1750417162303 0.41731 50
1750417177725 0.41538 51
1750417192855 0.4129 52
1750417208048 0.4139 53
1750417212598 0.42360442081950156 53
