1750416389407 0.0 0
1750416404738 0.0 1
1750416420136 0.00285 2
1750416435819 0.03571 3
1750416451366 0.06141 4
1750416466880 0.07361 5
1750416482411 0.08707 6
1750416497754 0.11062 7
1750416513207 0.11878 8
1750416528734 0.13527 9
1750416544171 0.1559 10
1750416559625 0.16609 11
1750416575219 0.17254 12
1750416590627 0.17804 13
1750416605875 0.18615 14
1750416621350 0.18628 15
1750416636909 0.19985 16
1750416652449 0.20185 17
1750416667839 0.19741 18
1750416683689 0.21463 19
1750416700077 0.22138 20
1750416715978 0.22756 21
1750416731305 0.23537 22
1750416746863 0.23537 23
1750416762315 0.2427 24
1750416777722 0.24427 25
1750416793038 0.24633 26
1750416808337 0.24611 27
1750416823836 0.24195 28
1750416839376 0.25919 29
1750416854769 0.26506 30
1750416870219 0.27944 31
1750416885476 0.27575 32
1750416900765 0.26777 33
1750416916089 0.27157 34
1750416931314 0.27458 35
1750416946434 0.28777 36
1750416961759 0.28527 37
1750416976988 0.28029 38
1750416992164 0.2939 39
1750417007608 0.28997 40
1750417023335 0.30193 41
1750417038935 0.30648 42
1750417054353 0.31809 43
1750417070103 0.31458 44
1750417085508 0.30643 45
1750417101260 0.31344 46
1750417116512 0.31442 47
1750417131918 0.30637 48
1750417146990 0.30987 49
1750417162303 0.3027 50
1750417177725 0.30802 51
1750417192855 0.30355 52
1750417208048 0.30418 53
1750417212598 0.31744360126567195 53
