1750416389407 0.0 0
1750416404738 0.0 1
1750416420136 0.00538 2
1750416435819 0.01922 3
1750416451366 0.5591 4
1750416466880 0.61449 5
1750416482411 0.65386 6
1750416497754 0.75403 7
1750416513207 0.71316 8
1750416528734 0.64923 9
1750416544171 0.62111 10
1750416559625 0.60193 11
1750416575219 0.62302 12
1750416590627 0.69275 13
1750416605875 0.73679 14
1750416621350 0.63962 15
1750416636909 0.67044 16
1750416652449 0.69593 17
1750416667839 0.63445 18
1750416683689 0.57666 19
1750416700077 0.59865 20
1750416715978 0.60596 21
1750416731305 0.65981 22
1750416746863 0.58824 23
1750416762315 0.62805 24
1750416777722 0.55468 25
1750416793038 0.58047 26
1750416808337 0.5674 27
1750416823836 0.59638 28
1750416839376 0.60907 29
1750416854769 0.62902 30
1750416870219 0.62987 31
1750416885476 0.55307 32
1750416900765 0.55917 33
1750416916089 0.59601 34
1750416931314 0.51505 35
1750416946434 0.54198 36
1750416961759 0.6059 37
1750416976988 0.63318 38
1750416992164 0.60869 39
1750417007608 0.5433 40
1750417023335 0.55367 41
1750417038935 0.57936 42
1750417054353 0.57796 43
1750417070103 0.56984 44
1750417085508 0.55704 45
1750417101260 0.59516 46
1750417116512 0.65943 47
1750417131918 0.46916 48
1750417146990 0.53936 49
1750417162303 0.46079 50
1750417177725 0.60103 51
1750417192855 0.61193 52
1750417208048 0.57915 53
1750417212598 0.5779345484863728 53
