1750416389407 0.0 0
1750416404738 0.0 1
1750416420136 0.00717 2
1750416435819 0.25717 3
1750416451366 0.0868 4
1750416466880 0.06676 5
1750416482411 0.11892 6
1750416497754 0.09232 7
1750416513207 0.10034 8
1750416528734 0.12856 9
1750416544171 0.1589 10
1750416559625 0.16658 11
1750416575219 0.19216 12
1750416590627 0.19037 13
1750416605875 0.2014 14
1750416621350 0.18523 15
1750416636909 0.21133 16
1750416652449 0.20138 17
1750416667839 0.24879 18
1750416683689 0.26794 19
1750416700077 0.26151 20
1750416715978 0.29358 21
1750416731305 0.29826 22
1750416746863 0.29397 23
1750416762315 0.27803 24
1750416777722 0.26854 25
1750416793038 0.26389 26
1750416808337 0.27144 27
1750416823836 0.2812 28
1750416839376 0.30898 29
1750416854769 0.31952 30
1750416870219 0.33306 31
1750416885476 0.37216 32
1750416900765 0.32529 33
1750416916089 0.32534 34
1750416931314 0.34451 35
1750416946434 0.33564 36
1750416961759 0.29611 37
1750416976988 0.34248 38
1750416992164 0.34005 39
1750417007608 0.37137 40
1750417023335 0.36917 41
1750417038935 0.32451 42
1750417054353 0.35958 43
1750417070103 0.34884 44
1750417085508 0.34137 45
1750417101260 0.34314 46
1750417116512 0.32429 47
1750417131918 0.38159 48
1750417146990 0.3789 49
1750417162303 0.39055 50
1750417177725 0.35008 51
1750417192855 0.35123 52
1750417208048 0.35538 53
1750417212598 0.35967157974629055 53
