1750416387626 2.392e-05 0
1750416403370 4.839608799999999e-05 1
1750416418741 7.2377968e-05 2
1750416434304 9.586564e-05 3
1750416449874 9.988159999999999e-05 4
1750416465350 9.8852e-05 5
1750416480941 9.782239999999999e-05 6
1750416496259 9.679279999999999e-05 7
1750416511725 9.57632e-05 8
1750416527226 9.47336e-05 9
1750416542661 9.3704e-05 10
1750416558129 9.267439999999999e-05 11
1750416573743 9.16448e-05 12
1750416589136 9.061519999999999e-05 13
1750416604379 8.958559999999999e-05 14
1750416619845 8.8556e-05 15
1750416635407 8.75264e-05 16
1750416650912 8.64968e-05 17
1750416666331 8.54672e-05 18
1750416682171 8.44376e-05 19
1750416698188 8.3408e-05 20
1750416714481 8.23784e-05 21
1750416729804 8.13488e-05 22
1750416745363 8.031919999999999e-05 23
1750416760797 7.92896e-05 24
1750416776228 7.825999999999999e-05 25
1750416791527 7.72304e-05 26
1750416806835 7.62008e-05 27
1750416822326 7.517119999999999e-05 28
1750416837873 7.41416e-05 29
1750416853265 7.311199999999999e-05 30
1750416868742 7.208239999999999e-05 31
1750416884007 7.105279999999998e-05 32
1750416899275 7.002319999999999e-05 33
1750416914597 6.899359999999998e-05 34
1750416929832 6.796399999999999e-05 35
1750416944964 6.693440000000001e-05 36
1750416960265 6.59048e-05 37
1750416975487 6.487519999999999e-05 38
1750416990695 6.38456e-05 39
1750417006078 6.281599999999999e-05 40
1750417021768 6.178640000000001e-05 41
1750417037350 6.07568e-05 42
1750417052798 5.97272e-05 43
1750417068556 5.86976e-05 44
1750417084030 5.7668e-05 45
1750417099794 5.66384e-05 46
1750417115028 5.56088e-05 47
1750417130453 5.45792e-05 48
1750417145527 5.35496e-05 49
1750417160831 5.252e-05 50
1750417176244 5.14904e-05 51
1750417191394 5.0460799999999996e-05 52
1750417206592 4.9431199999999995e-05 53
