1750416387626 1.62276 0
1750416403370 1.54538 1
1750416418741 1.54935 2
1750416434304 1.53651 3
1750416449874 1.56352 4
1750416465350 1.54912 5
1750416480941 1.52968 6
1750416496259 1.4834 7
1750416511725 1.48253 8
1750416527226 1.43666 9
1750416542661 1.3796 10
1750416558129 1.45641 11
1750416573743 1.40558 12
1750416589136 1.41267 13
1750416604379 1.38798 14
1750416619845 1.39378 15
1750416635407 1.39127 16
1750416650912 1.41289 17
1750416666331 1.33692 18
1750416682171 1.38149 19
1750416698188 1.34039 20
1750416714481 1.33292 21
1750416729804 1.32667 22
1750416745363 1.31546 23
1750416760797 1.28367 24
1750416776228 1.28937 25
1750416791527 1.28918 26
1750416806835 1.30587 27
1750416822326 1.28435 28
1750416837873 1.27135 29
1750416853265 1.30534 30
1750416868742 1.23344 31
1750416884007 1.26293 32
1750416899275 1.25648 33
1750416914597 1.25931 34
1750416929832 1.28215 35
1750416944964 1.22804 36
1750416960265 1.19738 37
1750416975487 1.23231 38
1750416990695 1.25196 39
1750417006078 1.22088 40
1750417021768 1.20899 41
1750417037350 1.18525 42
1750417052798 1.19325 43
1750417068556 1.18464 44
1750417084030 1.19735 45
1750417099794 1.17169 46
1750417115028 1.19337 47
1750417130453 1.17676 48
1750417145527 1.16249 49
1750417160831 1.19563 50
1750417176244 1.19138 51
1750417191394 1.15763 52
1750417206592 1.18129 53
