1750416387626 6.41652 0
1750416403370 6.17363 1
1750416418741 5.70355 2
1750416434304 5.10672 3
1750416449874 4.6635 4
1750416465350 4.29391 5
1750416480941 4.08274 6
1750416496259 3.88278 7
1750416511725 3.70436 8
1750416527226 3.50838 9
1750416542661 3.30902 10
1750416558129 3.26221 11
1750416573743 3.02928 12
1750416589136 3.02616 13
1750416604379 2.84283 14
1750416619845 2.88516 15
1750416635407 2.73105 16
1750416650912 2.73596 17
1750416666331 2.50999 18
1750416682171 2.66144 19
1750416698188 2.45924 20
1750416714481 2.51318 21
1750416729804 2.47003 22
1750416745363 2.32574 23
1750416760797 2.28751 24
1750416776228 2.26649 25
1750416791527 2.26879 26
1750416806835 2.17149 27
1750416822326 2.11979 28
1750416837873 2.12373 29
1750416853265 2.11874 30
1750416868742 2.09217 31
1750416884007 2.00496 32
1750416899275 2.0185 33
1750416914597 1.98445 34
1750416929832 1.99966 35
1750416944964 1.94043 36
1750416960265 1.94459 37
1750416975487 1.86773 38
1750416990695 1.91989 39
1750417006078 1.87661 40
1750417021768 1.77772 41
1750417037350 1.76039 42
1750417052798 1.76152 43
1750417068556 1.75044 44
1750417084030 1.75039 45
1750417099794 1.69105 46
1750417115028 1.66553 47
1750417130453 1.73443 48
1750417145527 1.69269 49
1750417160831 1.73349 50
1750417176244 1.653 51
1750417191394 1.65171 52
1750417206592 1.64754 53
