1750416387626 1.14641 0
1750416403370 1.04011 1
1750416418741 0.99506 2
1750416434304 0.9899 3
1750416449874 0.99137 4
1750416465350 0.96683 5
1750416480941 0.96751 6
1750416496259 0.96937 7
1750416511725 0.97171 8
1750416527226 0.96379 9
1750416542661 0.96171 10
1750416558129 0.96735 11
1750416573743 0.94879 12
1750416589136 0.9656 13
1750416604379 0.93984 14
1750416619845 0.94911 15
1750416635407 0.96933 16
1750416650912 0.96853 17
1750416666331 0.96081 18
1750416682171 0.95527 19
1750416698188 0.94854 20
1750416714481 0.93574 21
1750416729804 0.95542 22
1750416745363 0.93192 23
1750416760797 0.93909 24
1750416776228 0.93979 25
1750416791527 0.94087 26
1750416806835 0.93874 27
1750416822326 0.94913 28
1750416837873 0.92734 29
1750416853265 0.94968 30
1750416868742 0.91777 31
1750416884007 0.93459 32
1750416899275 0.92658 33
1750416914597 0.92176 34
1750416929832 0.93772 35
1750416944964 0.91842 36
1750416960265 0.92949 37
1750416975487 0.92185 38
1750416990695 0.93079 39
1750417006078 0.92472 40
1750417021768 0.92093 41
1750417037350 0.90771 42
1750417052798 0.92005 43
1750417068556 0.90665 44
1750417084030 0.91214 45
1750417099794 0.91486 46
1750417115028 0.92453 47
1750417130453 0.90738 48
1750417145527 0.92294 49
1750417160831 0.92071 50
1750417176244 0.91345 51
1750417191394 0.91634 52
1750417206592 0.90774 53
